5 0.643717 0.561210 0.602943 0.552034 0.558069 0.564286 0.560116 0.613204 0.604993 0.616245 0.649802 0.610144
4 0.364395 0.573450 0.315466 0.585682 0.295079 0.626967 0.339931 0.657547 0.368472 0.656019 0.399054 0.646845 0.415377 0.600967
2 0.362335 0.475595 0.321584 0.472532 0.278770 0.507688 0.291005 0.536756 0.309325 0.552034 0.343981 0.552034 0.382738 0.518403 0.374603 0.492411
2 0.352163 0.356324 0.301190 0.367039 0.286925 0.389963 0.297116 0.402195 0.319544 0.420546 0.348082 0.422073 0.386822 0.417488 0.405172 0.393021 0.390899 0.388435 0.380721 0.376190 0.368452 0.367039
4 0.397017 0.310454 0.460215 0.318098 0.486720 0.356324 0.456138 0.394551 0.390899 0.389963 0.368472 0.348678
3 0.433201 0.661458 0.469577 0.666419 0.502646 0.676339 0.509259 0.713542 0.479497 0.740823 0.459656 0.748264 0.416667 0.735863 0.400132 0.728423 0.396825 0.698661 0.406746 0.678819
1 0.247669 0.550464 0.202649 0.489549 0.196035 0.487547 0.190542 0.492733 0.156316 0.540848 0.144749 0.551944 0.149739 0.553946 0.247669 0.556034
1 0.560155 0.608170 0.562629 0.611374 0.578148 0.614578 0.641786 0.634311 0.645159 0.637346 0.641786 0.640553 0.566005 0.682884 0.560549 0.682143 0.549137 0.611037 0.550562 0.606845
0 0.636928 0.410303 0.568386 0.392289 0.561640 0.397552 0.541667 0.443279 0.543022 0.446925 0.609134 0.464340 0.614517 0.462723 0.637199 0.414147
0 0.551753 0.471577 0.546515 0.471446 0.494974 0.506870 0.492163 0.511086 0.539957 0.549730 0.544077 0.550012 0.596164 0.513467 0.596362 0.510236 0.594114 0.505176
