3 0.433714 0.611677 0.464296 0.617793 0.494874 0.628497 0.500992 0.660615 0.488760 0.680484 0.460215 0.697304 0.399041 0.680481 0.392923 0.645313 0.401091 0.631548
1 0.187467 0.441592 0.241997 0.505134 0.236177 0.512078 0.136396 0.510347 0.171204 0.460744
1 0.551521 0.560094 0.554319 0.563604 0.580433 0.568849 0.639653 0.587036 0.628935 0.594717 0.557110 0.634945 0.552447 0.621305 0.542196 0.559747
0 0.556019 0.343626 0.627183 0.359747 0.603009 0.414633 0.529828 0.396999 0.549967 0.349678
0 0.533433 0.503125 0.586276 0.466146 0.586938 0.457664 0.541501 0.422619 0.534722 0.424306 0.480589 0.462996
5 0.641663 0.558160 0.635549 0.512277 0.588657 0.504643 0.551984 0.515352 0.556052 0.562748 0.596825 0.568874 0.637586 0.564276
4 0.382738 0.261533 0.433697 0.263046 0.458178 0.279871 0.470410 0.307396 0.443905 0.344092 0.407209 0.348678 0.376627 0.341034 0.358280 0.315040 0.362358 0.290575
4 0.360317 0.526049 0.409259 0.553571 0.394977 0.597914 0.352163 0.610146 0.325661 0.607088 0.291002 0.585682 0.307312 0.544397 0.339931 0.526049
2 0.268585 0.463368 0.309358 0.426662 0.352163 0.429720 0.366435 0.446538 0.374590 0.471004 0.333829 0.506176 0.299140 0.504638 0.280807 0.490880
2 0.331776 0.307396 0.286925 0.318098 0.270615 0.339504 0.278770 0.351736 0.307312 0.373145 0.335847 0.374678 0.372553 0.370089 0.390899 0.344092 0.376627 0.339504 0.364385 0.327257 0.341964 0.310441
