0 0.672454 0.630501 0.655225 0.573090 0.643750 0.564484 0.578681 0.577396 0.580595 0.588876 0.599732 0.644854
5 0.379656 0.406597 0.438988 0.410913 0.465774 0.433879 0.454299 0.471181 0.389220 0.471181 0.377741 0.456830
5 0.481085 0.397991 0.461944 0.428125 0.465774 0.436731 0.469600 0.464008 0.527017 0.471181 0.555721 0.436731 0.540410 0.413765 0.502116 0.402282
2 0.593991 0.458266 0.630351 0.468313 0.653313 0.478361 0.651402 0.504196 0.599732 0.528596 0.542321 0.505630 0.544233 0.481230
2 0.245701 0.354936 0.278231 0.343445 0.310764 0.342009 0.337553 0.359234 0.341369 0.377902 0.331812 0.405159 0.299279 0.418078 0.274405 0.419519 0.241868 0.406597 0.234226 0.383631
4 0.345804 0.623361 0.367566 0.617240 0.407976 0.622195 0.441396 0.655126 0.409921 0.700595 0.348512 0.697098 0.315509 0.667659 0.330261 0.643760
1 0.767493 0.578993 0.684964 0.615759 0.682715 0.621156 0.774689 0.660623 0.776938 0.656744 0.773565 0.579836
1 0.392791 0.613544 0.370410 0.541362 0.362017 0.540940 0.292629 0.591721 0.292070 0.598016 0.338515 0.606830 0.338515 0.606830 0.389435 0.617321
4 0.179600 0.518698 0.121405 0.517440 0.089507 0.557309 0.108535 0.598016 0.186313 0.595499 0.210374 0.563185 0.207017 0.533388
3 0.429411 0.270246 0.398793 0.290340 0.383482 0.307562 0.393052 0.339139 0.416015 0.353492 0.454289 0.360667 0.482996 0.343445 0.500218 0.323351 0.490651 0.294645 0.467685 0.278857
3 0.521270 0.333398 0.555718 0.324787 0.590162 0.340573 0.607388 0.362103 0.597817 0.393678 0.572940 0.409467 0.538492 0.412339 0.507874 0.400856 0.492563 0.375020 0.498304 0.347750
0 0.287798 0.521419 0.257179 0.524288 0.184458 0.522855 0.190198 0.464008 0.262920 0.466877 0.293538 0.468313
