4 0.570437 0.362351 0.629960 0.372272 0.649802 0.419395 0.603505 0.446677 0.547288 0.439236 0.530754 0.394593
5 0.800685 0.640729 0.845536 0.587202 0.780298 0.558160 0.755820 0.584152 0.739524 0.610146
2 0.662050 0.674368 0.655919 0.623909 0.623317 0.616262 0.576425 0.633083 0.576422 0.686607 0.604960 0.695784 0.655936 0.682011
0 0.648089 0.519921 0.646925 0.530357 0.660847 0.578249 0.664319 0.581696 0.733962 0.568651 0.715377 0.517312 0.694511 0.511210
0 0.570351 0.526882 0.564547 0.538194 0.576157 0.589534 0.648082 0.581696 0.635317 0.526017 0.621396 0.520784
1 0.409061 0.622619 0.507692 0.592148 0.500731 0.640012 0.494940 0.672222 0.453142 0.647842
1 0.211815 0.513827 0.316243 0.496424 0.281432 0.574745 0.239663 0.539936
2 0.205374 0.348681 0.164583 0.380779 0.164583 0.386905 0.207414 0.426662 0.233929 0.425124 0.274702 0.389955 0.231878 0.347148
4 0.580357 0.278026 0.636574 0.285466 0.669643 0.320188 0.633267 0.362351 0.567130 0.357391 0.547288 0.315228
3 0.209458 0.633085 0.233915 0.649903 0.252282 0.669792 0.237993 0.701890 0.211475 0.715650 0.174769 0.721776 0.129927 0.686607 0.148290 0.651431 0.166634 0.639211
