3 0.180919 0.521453 0.211491 0.532165 0.242073 0.552044 0.229838 0.590270 0.209451 0.604030 0.166640 0.613204 0.117725 0.578026 0.138095 0.529107
2 0.460218 0.553571 0.474504 0.545933 0.519345 0.533705 0.545843 0.550513 0.531581 0.599454 0.484683 0.614735 0.466333 0.611677 0.447983 0.590270
4 0.631472 0.272227 0.602927 0.292103 0.596812 0.327272 0.627394 0.354797 0.686518 0.356324 0.719137 0.315040 0.678360 0.275285
4 0.551961 0.756937 0.600890 0.726354 0.580503 0.677426 0.527493 0.669779 0.484683 0.692716 0.490807 0.749281
2 0.366435 0.264583 0.439815 0.282937 0.443905 0.305866 0.411276 0.345610 0.341964 0.331870 0.333829 0.310441
0 0.608631 0.474678 0.540179 0.501637 0.547143 0.511218 0.580787 0.560813 0.648082 0.531225
0 0.665509 0.546900 0.614451 0.580828 0.621402 0.598242 0.677083 0.636533 0.726991 0.596500 0.726991 0.591280
1 0.228042 0.433755 0.338294 0.443328 0.311607 0.472049 0.270999 0.512078
1 0.721190 0.432026 0.673618 0.504256 0.737434 0.502515 0.786167 0.499035 0.740906 0.447693
5 0.356240 0.521463 0.323621 0.532165 0.301194 0.581096 0.356240 0.593328 0.397017 0.585682 0.413327 0.538281
