2 0.312553 0.273951 0.339120 0.290551 0.360185 0.314658 0.351313 0.342061 0.314769 0.348705 0.273793 0.337076 0.253869 0.304688 0.260503 0.278934 0.278221 0.273120
2 0.274897 0.501535 0.300694 0.497693 0.345777 0.502366 0.363495 0.525623 0.335813 0.553299 0.309229 0.565491 0.260503 0.557185 0.241673 0.534759 0.254964 0.517316
4 0.270933 0.404167 0.334788 0.397817 0.356310 0.413395 0.368614 0.439928 0.347090 0.476835 0.280939 0.482034 0.256329 0.445119
4 0.465519 0.236892 0.530122 0.253043 0.542427 0.293996 0.505509 0.327450 0.440909 0.314762 0.425526 0.278423 0.438601 0.259965
1 0.720231 0.570109 0.680129 0.502929 0.673743 0.502877 0.616435 0.561458 0.617130 0.564707 0.623512 0.568006 0.718386 0.575025 0.721230 0.573686
1 0.279729 0.658631 0.285572 0.585181 0.281283 0.582267 0.190774 0.616369 0.190377 0.621602 0.215642 0.639087 0.274692 0.662703
0 0.569630 0.313318 0.615575 0.354067 0.612070 0.367336 0.558962 0.398338 0.512467 0.356721 0.508995 0.346677
0 0.522619 0.618477 0.549901 0.562971 0.553505 0.556349 0.619345 0.573983 0.622354 0.585491 0.595668 0.639187
3 0.417067 0.616431 0.452444 0.629120 0.473214 0.645858 0.470899 0.679886 0.447060 0.698338 0.414759 0.709874 0.379382 0.693723 0.360926 0.679878 0.361693 0.646424 0.384765 0.626813
5 0.660093 0.436468 0.718552 0.435317 0.734689 0.468775 0.721627 0.504539 0.660086 0.499330 0.641634 0.471081
