0 0.725529 0.536706 0.780466 0.565947 0.741468 0.613790 0.677692 0.583222 0.714881 0.539360
3 0.317989 0.627059 0.349881 0.643026 0.372917 0.657644 0.367603 0.689539 0.344577 0.706820 0.309127 0.714789 0.279005 0.700171 0.259514 0.688212 0.266601 0.662961 0.279001 0.640377
1 0.137249 0.555315 0.211673 0.543353 0.206349 0.555308 0.204583 0.573921 0.222302 0.577907 0.206349 0.615129 0.154967 0.587210
0 0.250628 0.516791 0.218760 0.519432 0.204583 0.576577 0.271918 0.583222 0.300265 0.571255 0.310899 0.524750
1 0.457973 0.544683 0.509292 0.616443 0.403042 0.608482
4 0.525304 0.438366 0.525304 0.438366 0.502269 0.439695 0.468604 0.433051 0.454428 0.413115 0.454428 0.389194 0.461508 0.378571 0.482778 0.361287 0.516445 0.358628 0.537708 0.365273 0.555423 0.377232 0.560744 0.405141 0.537708 0.430392 0.537708 0.430392
2 0.229392 0.421089 0.250661 0.377257 0.275460 0.367932 0.333929 0.398487 0.312665 0.443676 0.289649 0.450322
2 0.514673 0.644355 0.537698 0.632391 0.592639 0.635052 0.613889 0.689534 0.589094 0.701500 0.532407 0.698834
4 0.631624 0.488867 0.690096 0.490196 0.716677 0.530064 0.693641 0.560630 0.645797 0.567274 0.617447 0.555315 0.603274 0.524752 0.608598 0.506151
5 0.793489 0.565015 0.760265 0.590930 0.749633 0.613857 0.805450 0.651731 0.853307 0.592932
