2 0.291997 0.505704 0.258929 0.530506 0.262235 0.560268 0.278770 0.567708 0.318452 0.572669 0.341601 0.562748 0.368056 0.545387 0.368056 0.515625 0.344907 0.508185 0.321759 0.508185
1 0.574537 0.590042 0.637103 0.536359 0.641181 0.534561 0.643750 0.535020 0.647001 0.538800 0.676435 0.606493 0.674418 0.609725 0.670334 0.609725 0.615278 0.599950 0.575658 0.594030
0 0.652447 0.312252 0.708664 0.351935 0.649140 0.396577 0.592923 0.361855
5 0.533399 0.523065 0.490410 0.537946 0.483796 0.582589 0.530093 0.594990 0.576389 0.587550 0.579696 0.540427
3 0.586310 0.652034 0.553241 0.659474 0.526786 0.674355 0.520172 0.709077 0.540013 0.728919 0.569775 0.743800 0.606151 0.733879 0.629299 0.721478 0.635913 0.689236 0.622685 0.669395
0 0.559854 0.399058 0.487103 0.396577 0.477183 0.451141 0.553241 0.458581
4 0.395777 0.294735 0.423287 0.309772 0.444841 0.332837 0.426951 0.366939 0.392526 0.379117 0.367798 0.379368 0.348214 0.367827 0.329560 0.347892 0.345883 0.312569 0.368264 0.299630
1 0.165231 0.524650 0.171978 0.529913 0.214342 0.586582 0.215152 0.591438 0.208677 0.593867 0.111799 0.593058 0.108833 0.590831 0.159024 0.526066
4 0.358466 0.729787 0.396243 0.736089 0.402771 0.735389 0.416303 0.734697 0.454064 0.709509 0.444272 0.659149 0.379454 0.650404 0.344484 0.681181 0.349147 0.702165
2 0.311839 0.441220 0.338294 0.441220 0.381283 0.456101 0.387897 0.483383 0.328373 0.510665 0.282077 0.493304 0.268849 0.468502 0.282077 0.456101
