5 0.254332 0.351736 0.323611 0.379266 0.311376 0.408309 0.293039 0.435836 0.213528 0.419015
1 0.116462 0.515761 0.009679 0.524504 0.015274 0.553881 0.073095 0.592701 0.078224 0.589554 0.118327 0.522056
3 0.398776 0.297619 0.437067 0.298951 0.465774 0.308998 0.482996 0.337703 0.473426 0.359234 0.446634 0.382197 0.406581 0.382093 0.381713 0.370511 0.360519 0.342009 0.375959 0.316171
3 0.324272 0.228720 0.362434 0.227187 0.394964 0.234363 0.415906 0.267386 0.404398 0.291691 0.377741 0.311868 0.341382 0.310434 0.314716 0.303249 0.293651 0.273214 0.303241 0.253125
4 0.421442 0.570905 0.400625 0.561337 0.399282 0.521553 0.416068 0.502416 0.447629 0.487810 0.479187 0.492847 0.506048 0.507450 0.511419 0.553279 0.506720 0.557309 0.472474 0.579970 0.442255 0.576949
4 0.115761 0.537093 0.123922 0.501538 0.137910 0.487840 0.181045 0.472686 0.214461 0.482594 0.239719 0.500665 0.235446 0.530392 0.219514 0.549918 0.177159 0.564489 0.150728 0.553398
1 0.389527 0.556119 0.298132 0.518698 0.292536 0.522545 0.296733 0.600533 0.303727 0.600883 0.386276 0.560665
0 0.535648 0.334921 0.617196 0.339509 0.607011 0.402183 0.533611 0.399137 0.529534 0.391493
2 0.683664 0.520288 0.623181 0.514980 0.602943 0.540278 0.620172 0.560516 0.638062 0.581920 0.688555 0.587212 0.699504 0.583805 0.714716 0.561830 0.692427 0.523884
0 0.641667 0.371627 0.649818 0.350208 0.719147 0.337996 0.745602 0.391493 0.655919 0.412897
2 0.427596 0.611677 0.462255 0.600972 0.486706 0.610144 0.509160 0.631548 0.509147 0.642257 0.498942 0.680481 0.462269 0.692708 0.437798 0.683532 0.415377 0.663666
5 0.517295 0.530630 0.572354 0.524529 0.600893 0.567336 0.568271 0.593328 0.517295 0.599454 0.500992 0.562748 0.513224 0.555102 0.511184 0.539812
