0 0.526885 0.571032 0.476376 0.612359 0.474077 0.634750 0.533796 0.670908 0.586604 0.620970 0.575132 0.602034
1 0.243866 0.413864 0.241921 0.409008 0.134415 0.414593 0.131177 0.420179 0.148810 0.440873 0.189947 0.485789 0.197553 0.484251
1 0.209216 0.573628 0.105324 0.589819 0.100195 0.594273 0.117738 0.627870 0.173866 0.654179 0.180612 0.652359 0.211644 0.577272
4 0.435245 0.706275 0.450463 0.702875 0.495797 0.722547 0.491263 0.780104 0.456617 0.792493 0.427146 0.800020 0.379871 0.779377 0.383102 0.723512
3 0.497057 0.441840 0.536078 0.445288 0.563638 0.462515 0.570529 0.493517 0.549868 0.521081 0.520007 0.534854 0.480952 0.526240 0.458003 0.510739 0.451124 0.483185 0.462599 0.457341
3 0.377629 0.614080 0.336290 0.626136 0.315608 0.645089 0.306438 0.677808 0.359256 0.713976 0.407474 0.698487 0.423555 0.682974 0.432738 0.648537 0.409778 0.629581
4 0.265754 0.477641 0.324821 0.485801 0.339587 0.509117 0.334921 0.548165 0.304233 0.568576 0.247103 0.558078 0.219124 0.516111
2 0.629431 0.484764 0.574372 0.489360 0.558069 0.515352 0.570304 0.532168 0.600893 0.555109 0.639626 0.555102 0.664091 0.548986 0.676323 0.521453 0.641667 0.489335
2 0.519048 0.163368 0.571726 0.197743 0.573380 0.219444 0.517328 0.256374 0.456174 0.224521 0.456184 0.200298 0.507143 0.162078
5 0.320271 0.293328 0.378009 0.330283 0.378009 0.336657 0.352546 0.365947 0.318558 0.383797 0.255698 0.346845
5 0.621052 0.562411 0.641733 0.553795 0.666978 0.548631 0.712897 0.584797 0.680757 0.615804 0.644015 0.636458 0.600397 0.588244
0 0.416667 0.479740 0.400592 0.481461 0.347751 0.524529 0.407474 0.565848 0.462599 0.517634 0.451114 0.502128
