3 0.478571 0.493948 0.441865 0.506176 0.423519 0.530637 0.427612 0.552034 0.452060 0.579566 0.494874 0.582639 0.527480 0.571925 0.545833 0.544395 0.541766 0.519933 0.517295 0.498537
3 0.421958 0.379712 0.392196 0.399554 0.378968 0.421875 0.392196 0.449157 0.418651 0.466518 0.464947 0.468998 0.491402 0.451637 0.504630 0.424355 0.494709 0.399554 0.461640 0.382192
2 0.407474 0.674851 0.373148 0.667981 0.345899 0.669891 0.316138 0.694692 0.316138 0.721974 0.334722 0.751736 0.380225 0.760714 0.408730 0.750198 0.429828 0.725397 0.417857 0.688194
2 0.731151 0.442212 0.701389 0.424851 0.674934 0.412450 0.641865 0.427331 0.638558 0.471974 0.688161 0.501736 0.724537 0.491815 0.731151 0.469494
0 0.538380 0.333341 0.614160 0.350563 0.593485 0.409127 0.582011 0.414291 0.515410 0.397073 0.515413 0.388455
5 0.223710 0.287500 0.211475 0.356324 0.286938 0.371627 0.303241 0.334921 0.303241 0.305878 0.235946 0.287525
5 0.462255 0.746233 0.409259 0.792113 0.458168 0.854787 0.511177 0.804340 0.507106 0.787517 0.472454 0.750818
0 0.558069 0.411880 0.636310 0.427877 0.615179 0.486558 0.534954 0.471230
1 0.270807 0.599169 0.269643 0.681357 0.274692 0.681647 0.368717 0.640253 0.369511 0.635888 0.274692 0.595382
1 0.220866 0.504464 0.153194 0.568812 0.155139 0.572455 0.263942 0.582170 0.267824 0.579489 0.227679 0.506151
4 0.327930 0.431302 0.259524 0.442932 0.255265 0.491629 0.271974 0.507366 0.301505 0.521939 0.335701 0.519025 0.359015 0.507076 0.369507 0.493961 0.371062 0.462195 0.350466 0.441210
4 0.205526 0.593633 0.148403 0.591885 0.106435 0.638514 0.134415 0.673197 0.170552 0.679608 0.211353 0.676984 0.228452 0.663579 0.243218 0.626275 0.226508 0.607622
