5 0.394332 0.726049 0.453796 0.710759 0.472487 0.764286 0.441898 0.784673 0.390939 0.799950 0.377348 0.746429
4 0.367798 0.424482 0.312774 0.413991 0.264745 0.442669 0.283862 0.486034 0.335622 0.498973 0.384117 0.471347
1 0.596263 0.444296 0.583234 0.516295 0.578565 0.517510 0.536601 0.495126 0.500228 0.472396 0.502560 0.468197 0.548257 0.454908 0.592556 0.441270
1 0.264296 0.570556 0.336144 0.617163 0.337698 0.621032 0.290532 0.636143 0.288188 0.635558 0.266326 0.642584 0.241339 0.648090 0.238528 0.647974 0.237437 0.646215 0.237903 0.642937 0.249772 0.603936 0.256647 0.571379 0.259623 0.569965
2 0.441901 0.583338 0.426610 0.588435 0.384127 0.606275 0.380754 0.633036 0.396032 0.644494 0.431710 0.658517 0.467394 0.644494 0.487774 0.634306 0.491171 0.606275 0.467388 0.592257
3 0.645777 0.461014 0.684851 0.461014 0.710337 0.477579 0.723929 0.504338 0.706938 0.529821 0.683151 0.542562 0.642361 0.541270 0.616898 0.525992 0.606700 0.497966 0.620291 0.476305
2 0.693347 0.551483 0.644081 0.573140 0.640675 0.617733 0.671263 0.635590 0.700165 0.629216 0.729001 0.611359 0.730721 0.571875 0.723929 0.562951
0 0.676356 0.636855 0.693347 0.630484 0.725625 0.616468 0.737533 0.613914 0.795271 0.644494 0.757907 0.694194 0.696743 0.666161 0.681448 0.647049
4 0.275470 0.661830 0.209411 0.655709 0.173661 0.687185 0.181448 0.733532 0.225731 0.740518 0.254861 0.738467 0.284788 0.707292 0.280522 0.682515
0 0.548935 0.719678 0.484392 0.737525 0.477579 0.760441 0.508168 0.815253 0.579530 0.793576 0.576124 0.762996
