3 0.435751 0.289045 0.401095 0.285987 0.374603 0.310441 0.364395 0.328802 0.382738 0.357862 0.405159 0.368552 0.447983 0.368552 0.470410 0.350208 0.480589 0.328795 0.466333 0.299750
4 0.321743 0.382170 0.275870 0.374276 0.254550 0.383383 0.223512 0.402207 0.238360 0.432961 0.243221 0.445933 0.297454 0.457267 0.324173 0.442076 0.344411 0.426910 0.338194 0.402604
4 0.359471 0.778891 0.386994 0.765290 0.415813 0.749261 0.412576 0.704573 0.358823 0.679559 0.304097 0.708703 0.309600 0.738576 0.315106 0.759219
1 0.205853 0.451116 0.268988 0.509412 0.265212 0.513661 0.163208 0.525198 0.162397 0.519328 0.173730 0.495650 0.199636 0.451116
1 0.538793 0.482014 0.541716 0.408142 0.536994 0.406287 0.449292 0.442212 0.449517 0.445417 0.533846 0.484375
0 0.490807 0.582614 0.482642 0.591798 0.462269 0.646850 0.535648 0.663666 0.558069 0.605556 0.560119 0.596379
0 0.647784 0.535218 0.590694 0.558160 0.590694 0.568862 0.627394 0.620851 0.694673 0.594856 0.662037 0.542857
2 0.697837 0.397924 0.715278 0.418775 0.721958 0.435764 0.705625 0.454948 0.696353 0.458286 0.639253 0.453547 0.612903 0.417674 0.614385 0.410987 0.631448 0.392907 0.658168 0.390972 0.693016 0.395144
5 0.384755 0.543899 0.333816 0.518403 0.297116 0.527579 0.266538 0.570392 0.323621 0.588740 0.356911 0.585689
2 0.362368 0.444990 0.419444 0.466419 0.417394 0.492411 0.376620 0.512277 0.358280 0.513817 0.319544 0.501585 0.307308 0.493948 0.313426 0.467956 0.348082 0.448065
