4 0.470374 0.328063 0.514683 0.359945 0.496958 0.410466 0.429620 0.417103 0.390638 0.377235 0.415443 0.334697
5 0.619220 0.401156 0.645800 0.381225 0.709590 0.387872 0.704266 0.427728 0.677692 0.456972 0.617447 0.443683
2 0.257738 0.249653 0.245337 0.285536 0.314451 0.325397 0.348115 0.305456 0.348115 0.270908 0.337467 0.250992 0.293155 0.231027
2 0.133704 0.329392 0.151425 0.288194 0.179762 0.273586 0.224074 0.293502 0.245337 0.312128 0.234722 0.346677 0.208135 0.362624
0 0.615675 0.261607 0.667063 0.305456 0.654663 0.320089 0.597956 0.353313 0.557199 0.309457 0.558962 0.296156
0 0.337467 0.378571 0.319759 0.374576 0.248882 0.398497 0.284325 0.454315 0.300265 0.453001 0.369375 0.431721
4 0.481019 0.235045 0.438479 0.241679 0.404828 0.269593 0.413674 0.300154 0.461508 0.326736 0.523545 0.304142 0.527083 0.260293
1 0.120238 0.281548 0.141501 0.313445 0.130870 0.326734 0.159220 0.347996 0.168082 0.366602 0.047589 0.354643 0.070625 0.317431
1 0.716677 0.483552 0.613889 0.520759 0.709587 0.567274
3 0.232937 0.407812 0.190410 0.409127 0.162057 0.419762 0.151422 0.454315 0.146108 0.474249 0.186872 0.496850 0.215215 0.496840 0.259524 0.487550 0.273710 0.458309 0.268373 0.430392
