0 0.269147 0.454200 0.318938 0.425377 0.343373 0.439160 0.363110 0.499312 0.312351 0.528142 0.289802 0.524372
1 0.429841 0.165979 0.515377 0.186012 0.459916 0.278760
5 0.351833 0.332646 0.331156 0.321366 0.281344 0.332646 0.300149 0.396561 0.317999 0.415351 0.370635 0.401554
0 0.440427 0.633750 0.422495 0.643056 0.390590 0.708171 0.442421 0.753356 0.472321 0.688237 0.455377 0.653684 0.450394 0.639064
1 0.618750 0.441667 0.565179 0.531892 0.650704 0.545678
4 0.648810 0.184788 0.601833 0.207331 0.590556 0.239911 0.588676 0.269987 0.606533 0.300063 0.623450 0.316353 0.647884 0.307583 0.666682 0.288783 0.677961 0.262467 0.680779 0.234901 0.663862 0.203571
3 0.560479 0.569484 0.587748 0.556944 0.616865 0.573247 0.630027 0.605827 0.627207 0.644673 0.609350 0.665972 0.583978 0.678505 0.561409 0.664716 0.542622 0.633396 0.544501 0.597054
2 0.466493 0.588284 0.516307 0.597054 0.535094 0.649702 0.519122 0.682275 0.502207 0.684775 0.469313 0.682269 0.471205 0.681019 0.451463 0.644676 0.449576 0.617106
2 0.476833 0.321366 0.494692 0.370238 0.499405 0.386541 0.479638 0.432903 0.449578 0.435417 0.436434 0.410351 0.422321 0.371462 0.433599 0.333896 0.447693 0.316369
4 0.376270 0.095804 0.343373 0.108333 0.335863 0.155952 0.341493 0.191038 0.369692 0.218618 0.415749 0.211078 0.423261 0.134649 0.406349 0.115840
